613
0000000000010100000001110 0
0000000000011010010001001 0
0000000000011010010001101 0
0000000000011110000001010 0
0000000000101100010010010 0
0000000000101100010010110 0
0000000000111100000001010 0
0000000010010000000011110 0
0000000010010100000100100 0
0000000010101000010010010 0
0000000100000010110000010 0
0000000100010011000000100 0
0000000100100000011001000 0
0000000100100100000100100 0
0000000101000010010100000 0
0000000101001000010100100 0
0000000101001100000000101 0
0000000101001110000000101 0
0000001000000100000001111 0
0000001000001010010001001 0
0000001000010101000000100 0
0000001001000010010100001 0
0000001001000100101000001 0
0000001001001100000000101 0
0000001001001100000011001 0
0000001010000000011001001 0
0000001010000000110010010 0
0000001010000000111000000 0
0000001010000000111001010 0
0000001010000000111010001 0
0000001010000000111010011 0
0000001010000000111011001 0
0000001010000000111101001 0
0000001010000001111010010 0
0000001010000100101000000 0
0000001010010000101000000 0
0000001011000100101000011 0
0000001011000100101100000 0
0000001011000101001000011 0
0000001110000000000010001 0
0000001110000000101000000 0
0000001110000001101111011 0
0000010001111110000001010 0
0000010010010000101010000 0
0000010010011000000010011 0
0000010010011000000010100 0
0000010010100001010010000 0
0000010011010000101110000 0
0000010100001001010000100 0
0000010100011000000010100 0
0000010100100001010000000 0
0000010100111000000010100 0
0000011001000101101000001 0
0000011010010000100111000 0
0000011010010000101011000 0
0000011010010001101000000 0
0000011011000000111001001 0
0000011011000000111010001 0
0000011011000000111010010 0
0000011011000100001011011 0
0000011011010000100011011 0
0000011111000000000000101 0
0000011111000000000010100 0
0000011111000000000101000 0
0000011111000000100101001 0
0000011111000001000000010 0
0000011111000001001010010 0
0000100101000010100100000 0
0000101000010000100000001 0
0000101001001000010001001 0
0000101010000100100100000 0
0000101010000100101000001 0
0000101010000100101100001 0
0000101011000100101000001 0
0000101110000001101111011 0
0000110010001000010010010 0
0000110010001000010010011 0
0000110010011000000010010 0
0000110110001001011000001 0
0000111001000011100100001 0
0000111010000101100100000 0
0000111010000101101000010 0
0000111110000000101001010 0
0001000000100010001000100 0
0001000010100100000101000 0
0001000010100100001010010 0
0001000100010010000000100 0
0001001000000000111101001 0
0001001100000010010000000 0
0001001100100010000000100 0
0001010000000001111100000 0
0001010000010010100001000 0
0001010010000100001001010 0
0001011010000100001011010 0
0001011010000101101000001 0
0001011010010000101010010 0
0001011011010001101000011 0
0001011100000000000100100 0
0001101010000100101100000 0
0001101011010000101100011 0
0001101011010000101110011 0
0001110010000100101100000 0
0001111010010001101100010 0
0010000000000011001000100 0
0010000000010010010000010 0
0010000000100000100100100 0
0010000000100010001000100 0
0010000000100010011001000 0
0010000000100010100000100 0
0010000000100010110000010 0
0010000000100100010001000 0
0010000001000001110000010 0
0010000001010100001000000 0
0010000001100100001000100 0
0010000001100100010000000 0
0010000010100010000000010 0
0010000010100010000000100 0
0010000010100100000100100 0
0010000101001000010100000 0
0010001000010011000000100 0
0010001000100010000000100 0
0010001000100010000001000 0
0010001001100000000000100 0
0010010000000000011101000 0
0010010000010010010000000 0
0010010000010010100000100 0
0010010000010100100000000 0
0010010010000010000000100 0
0010010100001001010000000 0
0010100000000001111100000 0
0010100000001100010100000 0
0010100000001100100100000 0
0010100000001110010100000 0
0011010100001001010000110 0
0100000000100010100000100 0
0100000001000001111100000 0
0100000001100100001000010 0
0100000010000001111010010 0
0100000100100100000000100 0
0100000110100000010000000 0
0100000110100010000000100 0
0100000111000001000000100 0
0100001000010010100001001 0
0100001000010011000000010 0
0100001001010000100001010 0
0100001011000100101001001 0
0100001011010000100001011 0
0100001011010000101110000 0
0100011011000100101111000 0
0100100000001100100110000 0
0100100000001100100110001 0
0100100100001000100100001 0
0100100100001000100110000 0
0100100100001010100000000 0
0100100100011010000000000 0
0100100110000000101000000 0
0100100110000000101001010 0
0100101000010010100001000 0
0100101001000000111101001 0
0100101001000001111100000 0
0100101010000100101001001 0
0100101010000100101101000 0
0100101110000001101100000 0
0100101111000000100000010 0
0100101111000000100101001 0
0100101111000000101000000 0
0100111011000000111001010 0
0101000000011100101010001 0
0101000000011110000000000 0
0101000000111100000000000 0
0101000000111111000100000 0
0101000010000101001000010 0
0101001000010000100101000 0
0101001010000000000011111 0
0101001010000000011001001 0
0101001010000000110010010 0
0101001010000000111110000 0
0101001010000001111000001 0
0101001110000000101000000 0
0101001110000001101101001 0
0101001110000001101110010 0
0101101000010000101101000 0
0110000101001000010101100 0
0110100100011010000000000 0
0111000000010100000000000 0
0111100000000100100000000 0
1000000010000100001010000 0
1000001001001000010001001 0
1000001001001000010011001 0
1000001001001100000001001 0
1000001010010000101010000 0
1000001010010001001000000 0
1000001010010001101010000 0
1000001011010000101101000 0
1000001011010001001100000 0
1000001101001000110110000 0
1000001110000001101111011 0
1000001111000000101001010 0
1000010010001000010010010 0
1000010011100001001110000 0
1000010100100001001000000 0
1000011010010000101010000 0
1000100000000000111000000 0
1000100000000000111010001 0
1000100000011100101010001 0
1000100000011101000110001 0
1000100010000100001010001 0
1000100110001000011010001 0
1000101000010000100010001 0
1000101001001000100110001 0
1000101001001100000001001 0
1000101010000000111010001 0
1000101010000100101010001 0
1000101010001000000011011 0
1000101010010000101010001 0
1000101010011100000001010 0
1000101010011100000010001 0
1000101100001000110010001 0
1000101110000000000010001 0
1000101110000000101000000 0
1000101110000000101010001 0
1000101110000001101100000 0
1000101110000001101111011 0
1000110001011100000010001 0
1000110001011100000011011 0
1000110010001001001010001 0
1000110010011000000010010 0
1000110011100001000110011 0
1000111001000011000111001 0
1000111111000001101111011 0
1001000000011001001000001 0
1001000000011001001010001 0
1001000010100100001000010 0
1001000100001001001000001 0
1001000100001001001010000 0
1001000100101000001000000 0
1001000100101100000000000 0
1001001010010000101010010 0
1001001010010001101000010 0
1001001100000000101000000 0
1001001100000000101001010 0
1001001110000001101100000 0
1001010010000001111010010 0
1001010010000001111100000 0
1001011011000000111001010 0
1001011110000000001001000 0
1001011110000000101000000 0
1001011110000001001010010 0
1001100000011001001000000 0
1001100100001000010010011 0
1001100100001001001000001 0
1001101011010000101100011 0
1001101011010000101110011 0
1001101110000000101000000 0
1001110001100001001110001 0
1001110100001001010010011 0
1010000000000001111100000 0
1010000000011001001000000 0
1010000000011001010000000 0
1010000000111001010000000 0
1011000100101100000000000 0
1100001001010001101000000 0
1100001010010001101000000 0
1100001011000101101101000 0
1100011010000101101011000 0
1100011010000101101011001 0
1100100000001100100100000 0
1100100100001000010011001 0
1100100100001000100110000 0
1100100101001000010111001 0
1100101110000000101000000 0
1100110001000011100110001 0
1100111010000101101011000 0
1100111010000101101011001 0
1101000010000101101000010 0
1101100000001000101010001 0
1101100000011101000110001 0
1101100010000101101100000 0
1101101000010001101100000 0
1101101001000000000011111 0
1101101011010000101111011 0
1101110010000000000011111 0
1101111010000101101011011 0
1101111011000000111000000 0
1101111011000000111000001 0
1101111011000000111010000 0
1101111011000000111010001 0
1101111011000001111110001 0
1111000000010000001000000 0
1111100000000000100111011 0
1111100000000000101001010 0
1111100000000001001011011 0
0000000000000000000000000 1
0000000000010100000101010 1
0000000000010101000001010 1
0000000000011010100001101 1
0000000000101100001010110 1
0000000010010001001001000 1
0000000100010010100000101 1
0000000100010011000001001 1
0000000100010100000001010 1
0000000100100100000110010 1
0000000100100100001010100 1
0000000101000000010100010 1
0000000101010000010100000 1
0000000101010000100100100 1
0000000110010010000000101 1
0000000110010010000001010 1
0000000110010010000010010 1
0000000110010011000000101 1
0000000110100100001010110 1
0000000110110010000010001 1
0000000111001010000000101 1
0000001000000100100100010 1
0000001001000001000101111 1
0000001001000001000111110 1
0000001001000001000111111 1
0000001010000000010100010 1
0000001010000001000101110 1
0000001010000001000111111 1
0000001010000001010001000 1
0000001011100000101100000 1
0000001011100001000001011 1
0000001100010010100001101 1
0000001100100100000001001 1
0000001100100100000001010 1
0000001100100100000010100 1
0000001100100100000110100 1
0000001100100110000010001 1
0000001110100010000000101 1
0000001110100010000001010 1
0000001110100010000010100 1
0000001111000011010010100 1
0000001111010010000000101 1
0000010010000001000101111 1
0000010010000001000111110 1
0000010010000001000111111 1
0000010100000001010001000 1
0000010100000101001000100 1
0000010100000101010000000 1
0000011010000010000111010 1
0000011010000011101000000 1
0000011011000001000101110 1
0000011100101000000010100 1
0000011110100000010100101 1
0000011110100100000010100 1
0000011111100010000001010 1
0000100100010000100100100 1
0000101000100001000101000 1
0000101001000001000101110 1
0001000000100011000001100 1
0001000100010010100000101 1
0001000100100011001011000 1
0001000101000000010100000 1
0001000101000000101000000 1
0001000101010000000000101 1
0001001001000010000101011 1
0001001001000010000111010 1
0001001001000010100100010 1
0001001001000100100000000 1
0001010000000001100101110 1
0001010000100011000001110 1
0001010000100011000011100 1
0001010001000010001010000 1
0001010001000010001101010 1
0001011000000001000111111 1
0001011001000010000111010 1
0001011001000010001011000 1
0001011001000011100100010 1
0001100010110001000100011 1
0001100010110001000100110 1
0001100010110001000100111 1
0001101000010110100001100 1
0001101000100001001101000 1
0001101001000010000101010 1
0001101001000010000101011 1
0001101001000010100100011 1
0001101001100010010001000 1
0001101011100000101100011 1
0001101011100001001111011 1
0001110001000010100101011 1
0001110001110000001000011 1
0001111001110000011000110 1
0010000001100001000001100 1
0010000001100001000011110 1
0010000001100010000101111 1
0010000010100100001010100 1
0010001000010010100000101 1
0010001001000101000011100 1
0010001001010000010000001 1
0010001001010000010100000 1
0010001001010000100100100 1
0010001001100000100100100 1
0010001010000000101001010 1
0010001010000001101111011 1
0010001010100010000001010 1
0010001010100010000011011 1
0010010000000010000100110 1
0010010000000010000101111 1
0010010000100011000011110 1
0010010001000010000101110 1
0010010001100001000001110 1
0010010010000011001000100 1
0010010010000100010010000 1
0010010010000101001000100 1
0010010010000101010000000 1
0010010010010000000100111 1
0010010011000011001100110 1
0010011001100001100101100 1
0010100000001010011100000 1
0010100000010000010100010 1
0010100000010010011000000 1
0010100000010010111100000 1
0010100000100010111000000 1
0010100100010000100000101 1
0010100101100001111000000 1
0010101000010000010000101 1
0010101000010010010000000 1
0010101000010010010000010 1
0010101000010010100000100 1
0010101001100000100100101 1
0010110000010010011000000 1
0011000001000011000000100 1
0011000001100010000001000 1
0011000010110100001011000 1
0011000100000001100110011 1
0011000100000011100110010 1
0011000100000011100110011 1
0011000110110001100100011 1
0011001001000000000010010 1
0011001001000000100101001 1
0011001001000001001010010 1
0011010001110000001000011 1
0011010010000101001000110 1
0011010011000011001100100 1
0011100001010001001000100 1
0011100001100010000101000 1
0011101001000001101111011 1
0011110001110000001000011 1
0100000000100010000100110 1
0100000001000001001101110 1
0100000001100010000100111 1
0100000001100010000101110 1
0100000011000001000111111 1
0100000100100010100100011 1
0100000100100100001010100 1
0100010001100000100000001 1
0100010001100001100001010 1
0100010010010000001000000 1
0100010010100001000001011 1
0100010010100001000011010 1
0100010010100001001001000 1
0100010011100000100000011 1
0100010011100001000001011 1
0100010011100001001101000 1
0100010100000000101000000 1
0100010100000001010000000 1
0100010100000100000010100 1
0100100000000001001001100 1
0100100000100100110000000 1
0100101001000000100100110 1
0100101001000001000101110 1
0100101001000001001001100 1
0100110000010010010000000 1
0100110010100001001001001 1
0100110011100000010001100 1
0101000000010010011000000 1
0101000000010100010000000 1
0101000000100010101000100 1
0101000000100010101101110 1
0101000000100010111000000 1
0101000000100011101001110 1
0101000000100011111100000 1
0101000000100100110000000 1
0101000001000010100100011 1
0101000001010100000000000 1
0101000011000011000100010 1
0101001001000010100101010 1
0101001010000000101000100 1
0101001010000001000101110 1
0101010000010100000000000 1
0101010000100001001011000 1
0101010010100001001001010 1
0101011000100001000101000 1
0101100001000010100100010 1
0101100001000010100100011 1
0101101001000011000100011 1
0101110000100000101100000 1
0101110000100001001001000 1
0101110000100001001101000 1
0101110011100001001111011 1
0110000100000001001111001 1
0110000100100001001101001 1
0110000100100001001111001 1
0110001000010110100000011 1
0110001001010000100101100 1
0110001100000111001111000 1
0110010000100000000100100 1
0110010000100010000000010 1
0110010001000110100011000 1
0110010010000000000001001 1
0110010010000000100101001 1
0110010010000001001010010 1
0110011001100001100100100 1
0110101000010010110000000 1
0110101000011010000000000 1
0111000001000011000100100 1
0111000001100010000101000 1
0111001011100010000001010 1
0111010000100001000100100 1
0111010000100011000000010 1
0111010001000000100100001 1
0111010001000000100101001 1
0111010001000000101000000 1
0111010001000000101001010 1
0111010001000000101010001 1
0111010001000001001010000 1
0111010001000001001010010 1
0111010001000001101100000 1
0111010011000000000101000 1
0111011001000001000000010 1
0111011010100010000001010 1
0111100001000011000000100 1
0111100001100010000100100 1
0111110001000000100100000 1
0111110001000001001000000 1
0111110001000001101111011 1
1000000010000011000100010 1
1000000100000101001000100 1
1000010010000001000101110 1
1000100000000001000111111 1
1000100000100110110000000 1
1000100000110010011000000 1
1000101010000001000101110 1
1001000000000000100100110 1
1001000000010010011000000 1
1001000001100100010000000 1
1001001001000010100110010 1
1001010010000000100100110 1
1001010010000001000101110 1
1001010010000001001001100 1
1001011001000010010000110 1
1001100001000010000110011 1
1001111001000000010000110 1
1001111001000010010000110 1
1010000000000101010001000 1
1010000000100010111000000 1
1010000000100100110000000 1
1010000000100101111000000 1
1010000000101001110000000 1
1010000001100100110000000 1
1010000010000100010010100 1
1010000010100100001000100 1
1010000010100100010000000 1
1010000010100100010001000 1
1010000100000100001010100 1
1010010010000011001010100 1
1010010100000010111100000 1
1011000010100100011000000 1
1011000010101100000000000 1
1100000010000011100100010 1
1100000010110100001000110 1
1100001000000111000101100 1
1100001000000111000111000 1
1100001000000111000111100 1
1100010001000110100011000 1
1100010001100001001011010 1
1100010010100001000001010 1
1100010010100001000011010 1
1100010010100001001011000 1
1100010010100010010000010 1
1100010011000110110001100 1
1100011010000011100111011 1
1100011010000011101011000 1
1100110000100001000011001 1
1100110011000000010001100 1
1100110011100000010001100 1
1101000001000010100100010 1
1101000001000011100100010 1
1101000001000011101000000 1
1101010000100001001001000 1
1101010000100001001011000 1
1101010010100001000111000 1
1101011001000011100111011 1
1101100000100010101000100 1
1101110011100000101100011 1
1101110011100001001101011 1
1101110011100001001111011 1
1101111001000011100111010 1
1101111001000011100111011 1
1101111001000011101011000 1
1101111011000000100100111 1
1101111011000000101000100 1
1101111011000001000101111 1
1101111011000001000111110 1
1101111011000001000111111 1
1101111011000001001011100 1
1110010000000100100100100 1
1110010000100011000000010 1
1110010001000110100011000 1
1110010010000001101111011 1
1111010000100000000100100 1
1111010000100011000000100 1
1111010001000000100100000 1
1111010001000001001000000 1
1111010001000001101111011 1
1111110001000000000010001 1
1111110001000000001101000 1
1111110001000000100100000 1
1111110001000000101000000 1
1111110001000001001000000 1
1111110001000001100000010 1
1111110001000001101111011 1
